0.25  0.000
0.26  0.000
0.27  0.000
0.28  0.000
0.29  0.000
0.30  0.000
0.31  0.000
0.32  0.000
0.33  0.000
0.34  0.000
0.35  0.000
0.36  0.000
0.37  0.000
0.38  0.000
0.39  0.000
0.40  0.000
0.41  0.000
0.42  0.000
0.43  0.000
0.44  0.000
0.45  0.000
0.46  0.000
0.47  0.000
0.48  0.000
0.49  0.000
0.50  0.000
0.51  0.000
0.52  0.000
0.53  0.000
0.54  0.000
0.55  0.000
0.56  0.000
0.57  0.000
0.58  0.000
0.59  0.000
0.60  0.000
0.61  0.000
0.62  0.000
0.63  0.000
0.64  0.000
0.65  0.000
0.66  0.000
0.67  0.000
0.68  0.000
0.69  0.000
0.70  0.000
0.71  0.000
0.72  0.000
0.73  0.000
0.74  0.000
0.75  0.000
0.76  0.000
0.77  0.000
0.78  0.000
0.79  0.000
0.80  0.000
0.81  0.000
0.82  0.000
0.83  0.000
0.84  0.000
0.85  0.000
0.86  0.000
0.87  0.000
0.88  0.000
0.89  0.000
0.90  0.000
0.91  0.000
0.92  0.000
0.93  0.000
0.94  0.000
0.95  0.000
0.96  0.000
0.97  0.000
0.98  0.000
0.99  0.000
1.00  0.000
1.01  0.000
1.02  0.000
1.03  0.000
1.04  0.000
1.05  0.000
1.06  0.000
1.07  0.000
1.08  0.000
1.09  0.000
1.10  0.000
1.11  0.000
1.12  0.000
1.13  0.000
1.14  0.000
1.15  0.000
1.16  0.000
1.17  0.000
1.18  0.000
1.19  0.000
1.20  0.000
1.21  0.000
1.22  0.000
1.23  0.000
1.24  0.000
1.25  0.000
1.26  0.000
1.27  0.000
1.28  0.000
1.29  0.000
1.30  0.000
1.31  0.000
1.32  0.000
1.33  0.000
1.34  0.000
1.35  0.000
1.36  0.000
1.37  0.000
1.38  0.000
1.39  0.000
1.40  0.000
1.41  0.000
1.42  0.000
1.43  0.000
1.44  0.000
1.45  0.000
1.46  0.000
1.47  0.000
1.48  0.000
1.49  0.000
1.50  0.000
1.51  0.000
1.52  0.000
1.53  0.000
1.54  0.000
1.55  0.000
1.56  0.000
1.57  0.000
1.58  0.000
1.59  0.000
1.60  0.000
1.61  0.000
1.62  0.000
1.63  0.000
1.64  0.000
1.65  0.000
1.66  0.000
1.67  0.000
1.68  0.000
1.69  0.000
1.70  0.000
1.71  0.000
1.72  0.000
1.73  0.000
1.74  0.000
1.75  0.000
1.76  0.000
1.77  0.000
1.78  0.000
1.79  0.000
1.80  0.000
1.81  0.000
1.82  0.000
1.83  0.000
1.84  0.000
1.85  0.000
1.86  0.000
1.87  0.000
1.88  0.000
1.89  0.000
1.90  0.000
1.91  0.000
1.92  0.000
1.93  0.000
1.94  0.000
1.95  0.000
1.96  0.000
1.97  0.000
1.98  0.000
1.99  0.000
2.00  0.000
2.10  0.050
2.20  0.100
2.30  0.150
2.40  0.200
2.50  0.250
2.60  0.300
2.70  0.350
2.80  0.400
2.90  0.450
3.00  0.500
3.10  0.450
3.20  0.400
3.30  0.350
3.40  0.300
3.50  0.250
3.60  0.200
3.70  0.150
3.80  0.100
3.90  0.050
4.00  0.000
4.10  0.000
4.20  0.000
4.30  0.000
4.40  0.000
4.50  0.000
4.60  0.000
4.70  0.000
4.80  0.000
4.90  0.000
5.00  0.000
5.10  0.000
5.20  0.000
5.30  0.000
5.40  0.000
5.50  0.000
5.60  0.000
5.70  0.000
5.80  0.000
5.90  0.000
6.00  0.000
6.10  0.000
6.20  0.000
6.30  0.000
6.40  0.000
6.50  0.000
6.60  0.000
6.70  0.000
6.80  0.000
6.90  0.000
7.00  0.000
7.10  0.000
7.20  0.000
7.30  0.000
7.40  0.000
7.50  0.000
7.60  0.000
7.70  0.000
7.80  0.000
7.90  0.000
8.00  0.800
8.10  0.850
8.20  0.900
8.30  0.950
8.40  0.980
8.50  0.990
8.60  0.995
8.70  0.990
8.80  0.980
8.90  0.950
9.00  0.900
9.10  0.850
9.20  0.800
9.30  0.750
9.40  0.700
9.50  0.650
9.60  0.600
9.70  0.550
9.80  0.500
9.90  0.450
10.00 0.400
10.10 0.350
10.20 0.300
10.30 0.250
10.40 0.200
10.50 0.150
10.60 0.100
10.70 0.050
10.80 0.000
10.90 0.000
11.00 0.000
11.10 0.000
11.20 0.000
11.30 0.000
11.40 0.000
11.50 0.000
11.60 0.000
11.70 0.000
11.80 0.000
11.90 0.000
12.00 0.000
12.10 0.000
12.20 0.000
12.30 0.000
12.40 0.000
12.50 0.000
12.60 0.000
12.70 0.000
12.80 0.000
12.90 0.000
13.00 0.000
13.10 0.050
13.20 0.100
13.30 0.150
13.40 0.200
13.50 0.250
13.60 0.300
13.70 0.350
13.80 0.400
13.90 0.450
14.00 0.500
14.10 0.450
14.20 0.400
14.30 0.350
14.40 0.300
14.50 0.250
14.60 0.200
14.70 0.150
14.80 0.100
14.90 0.050
15.00 0.000
15.10 0.000
15.20 0.000
15.30 0.000
15.40 0.000
15.50 0.000
15.60 0.000
15.70 0.000
15.80 0.000
15.90 0.000
16.00 0.000
16.10 0.000
16.20 0.000
16.30 0.000
16.40 0.000
16.50 0.000
16.60 0.000
16.70 0.000
16.80 0.000
16.90 0.000
17.00 0.000
17.10 0.000
17.20 0.000
17.30 0.000
17.40 0.000
17.50 0.000
17.60 0.000
17.70 0.000
17.80 0.000
17.90 0.000
18.00 0.000
18.10 0.000
18.20 0.000
18.30 0.000
18.40 0.000
18.50 0.000
18.60 0.000
18.70 0.000
18.80 0.000
18.90 0.000
19.00 0.000
19.10 0.000
19.20 0.000
19.30 0.000
19.40 0.000
19.50 0.000
19.60 0.000
19.70 0.000
19.80 0.000
19.90 0.000
20.00 0.000
20.10 0.000
20.20 0.000
20.30 0.000
20.40 0.000
20.50 0.000
20.60 0.000
20.70 0.000
20.80 0.000
20.90 0.000
21.00 0.000
21.10 0.000
21.20 0.000
21.30 0.000
21.40 0.000
21.50 0.000
21.60 0.000
21.70 0.000
21.80 0.000
21.90 0.000
22.00 0.000
22.10 0.000
22.20 0.000
22.30 0.000
22.40 0.000
22.50 0.000
22.60 0.000
22.70 0.000
22.80 0.000
22.90 0.000
23.00 0.000
23.10 0.000
23.20 0.000
23.30 0.000
23.40 0.000
23.50 0.000
23.60 0.000
23.70 0.000
23.80 0.000
23.90 0.000
24.00 0.000
24.10 0.000
24.20 0.000
24.30 0.000
24.40 0.000
24.50 0.000
24.60 0.000
24.70 0.000
24.80 0.000
24.90 0.000
25.00 0.000