0.30    1.400   0.000
0.40    1.400   0.000
0.50    1.400   0.000
1.00    1.403   0.000
2.00    1.405   0.000
4.00    1.410   0.000
6.00    1.415   0.000
8.00    1.460   0.200   
8.50    1.480   0.350
9.00    1.500   0.500
9.50    1.520   0.620
10.00   1.530   0.700
10.50   1.535   0.740
11.00   1.540   0.760
11.50   1.545   0.750
12.00   1.550   0.720
12.50   1.555   0.680
13.00   1.560   0.600
13.50   1.550   0.450
14.00   1.540   0.300
15.00   1.530   0.150
20.00   1.520   0.050
25.00   1.510   0.010