l	R
280        0.082	
280.5     0.099	
281        0.15	
281.5     0.212	
282        0.267	
282.5     0.303	
283        0.325	
283.5     0.323	
284        0.299	
284.5     0.25	
285        0.176	
285.5     0.155	
286        0.242	
286.5     0.333	
287        0.362	
287.5     0.339	
288        0.311	
288.5     0.325	
289        0.392	
289.5     0.479	
290        0.563	
290.5     0.606	
291        0.618	
291.5     0.598	
292        0.567	
292.5     0.529	
293        0.538	
293.5     0.549	
294        0.533	
294.5     0.52	
295        0.527	
295.5     0.559	
296        0.573	
296.5     0.521	
297        0.478	
297.5     0.529	
298        0.528	
298.5     0.468	
299        0.472	
299.5     0.501	
300        0.458	
300.5     0.433	
301        0.463	
301.5     0.478	
302        0.449	
302.5     0.508	
303        0.612	
303.5     0.646	
304        0.621	
304.5     0.626	
305        0.642	
305.5     0.611	
306        0.565	
306.5     0.575	
307        0.605	
307.5     0.631	
308        0.645	
308.5     0.641	
309        0.58	
309.5     0.5	
310        0.533	
310.5     0.652	
311        0.762	
311.5     0.744	
312        0.706	
312.5     0.676	
313        0.694	
313.5     0.724	
314        0.717	
314.5     0.676	
315        0.685	
315.5     0.632	
316        0.587	
316.5     0.649	
317        0.739	
317.5     0.802	
318        0.724	
318.5     0.68	
319        0.706	
319.5     0.733	
320        0.775	
320.5     0.826	
321        0.765	
321.5     0.719	
322        0.735	
322.5     0.712	
323        0.649	
323.5     0.681	
324        0.741	
324.5     0.788	
325        0.829	
325.5     0.914	
326        0.998	
326.5     1.02	
327        1	
327.5     0.987	
328        0.957	
328.5     0.934	
329        1	
329.5     1.1	
330        1.11	
330.5     1.04	
331        0.991	
331.5     0.994	
332        0.993	
332.5     0.98	
333        0.964	
333.5     0.937	
334        0.956	
334.5     0.989	
335        1.01	
335.5     0.975	
336        0.89	
336.5     0.829	
337        0.818	
337.5     0.877	
338        0.925	
338.5     0.958	
339        0.969	
339.5     0.989	
340        1.05	
340.5     1.05	
341        0.971	
341.5     0.959	
342        0.996	
342.5     1.03	
343        1.04	
343.5     0.983	
344        0.854	
344.5     0.813	
345        0.916	
345.5     0.97	
346        0.943	
346.5     0.956	
347        0.97	
347.5     0.933	
348        0.925	
348.5     0.937	
349        0.899	
349.5     0.92	
350        1.01	
350.5     1.08	
351        1.05	
351.5     1.01	
352        0.984	
352.5     0.926	
353        0.98	
353.5     1.08	
354        1.13	
354.5     1.14	
355        1.14	
355.5     1.1	
356        1.03	
356.5     0.959	
357        0.842	
357.5     0.85	
358        0.789	
358.5     0.731	
359        0.858	
359.5     1.03	
360        1.09	
360.5     1.03	
361        0.942	
361.5     0.918	
362        0.958	
362.5     1.05	
363        1.07	
363.5     1.04	
364        1.07	
364.5     1.06	
365        1.1	
365.5     1.2	
366        1.29	
366.5     1.28	
367        1.26	
367.5     1.23	
368        1.16	
368.5     1.15	
369        1.19	
369.5     1.28	
370        1.29	
370.5     1.17	
371        1.18	
371.5     1.22	
372        1.14	
372.5     1.09	
373        1.04	
373.5     0.939	
374        0.934	
374.5     0.925	
375        0.985	
375.5     1.09	
376        1.12	
376.5     1.1	
377        1.18	
377.5     1.31	
378        1.41	
378.5     1.38	
379        1.23	
379.5     1.1	
380        1.15	
380.5     1.23	
381        1.25	
381.5     1.12	
382        0.954	
382.5     0.823	
383        0.736	
383.5     0.711	
384        0.821	
384.5     0.986	
385        1.08	
385.5     1.03	
386        0.991	
386.5     1.03	
387        1.04	
387.5     1.02	
388        1.01	
388.5     0.997	
389        1.08	
389.5     1.2	
390        1.25	
390.5     1.26	
391        1.33	
391.5     1.35	
392        1.24	
392.5     1.03	
393        0.745	
393.5     0.591	
394        0.767	
394.5     1.06	
395        1.25	
395.5     1.32	
396        1.16	
396.5     0.843	
397        0.652	
397.5     0.961	
398        1.3	
398.5     1.53	
399        1.62	
399.5     1.67	
400        1.69	
401        1.75	
402        1.81	
403        1.74	
404        1.76	
405        1.72	
406        1.67	
407        1.63	
408        1.7	
409        1.81	
410        1.54	
411        1.72	
412        1.82	
413        1.74	
414        1.71	
415        1.77	
416        1.82	
417        1.77	
418        1.69	
419        1.75	
420        1.6	
421        1.81	
422        1.78	
423        1.72	
424        1.71	
425        1.76	
426        1.7	
427        1.64	
428        1.65	
429        1.52	
430        1.21	
431        1.1	
432        1.82	
433        1.69	
434        1.56	
435        1.71	
436        1.87	
437        1.9	
438        1.66	
439        1.6	
440        1.83	
441        1.8	
442        1.92	
443        1.95	
444        1.89	
445        1.97	
446        1.76	
447        1.99	
448        2.01	
449        2	
450        2.07	
451        2.14	
452        2.05	
453        1.89	
454        2.02	
455        2	
456        2.06	
457        2.08	
458        2.03	
459        2.01	
460        2	
461        2.06	
462        2.08	
463        2.08	
464        2.02	
465        1.98	
466        2.02	
467        1.93	
468        2.01	
469        2.02	
470        1.94	
471        1.97	
472        2.07	
473        1.99	
474        2.01	
475        2.08	
476        2.01	
477        2.03	
478        2.09	
479        2.04	
480        2.07	
481        2.06	
482        2.06	
483        2.03	
484        1.99	
485        1.98	
486        1.6	
487        1.79	
488        1.94	
489        1.82	
490        2.03	
491        1.95	
492        1.86	
493        1.98	
494        1.93	
495        2.05	
496        1.95	
497        1.98	
498        1.92	
499        1.92	
500        1.92	
501        1.86	
502        1.86	
503        1.95	
504        1.83	
505        1.95	
506        2.03	
507        1.94	
508        1.88	
509        1.97	
510        1.91	
511        1.94	
512        1.99	
513        1.87	
514        1.82	
515        1.88	
516        1.89	
517        1.54	
518        1.76	
519        1.7	
520        1.86	
521        1.87	
522        1.92	
523        1.8	
524        1.94	
525        1.93	
526        1.87	
527        1.64	
528        1.88	
529        1.97	
530        1.89	
531        2	
532        1.96	
533        1.75	
534        1.87	
535        1.9	
536        1.97	
537        1.82	
538        1.91	
539        1.86	
540        1.8	
541        1.73	
542        1.89	
543        1.85	
544        1.92	
545        1.87	
546        1.86	
547        1.88	
548        1.83	
549        1.88	
550        1.86	
551        1.86	
552        1.9	
553        1.84	
554        1.88	
555        1.89	
556        1.86	
557        1.81	
558        1.85	
559        1.76	
560        1.79	
561        1.89	
562        1.8	
563        1.87	
564        1.84	
565        1.85	
566        1.75	
567        1.87	
568        1.86	
569        1.83	
570        1.83	
571        1.76	
572        1.87	
573        1.88	
574        1.87	
575        1.83	
576        1.82	
577        1.86	
578        1.8	
579        1.82	
580        1.83	
581        1.83	
582        1.85	
583        1.86	
584        1.85	
585        1.84	
586        1.79	
587        1.84	
588        1.82	
589        1.62	
590        1.72	
591        1.81	
592        1.79	
593        1.79	
594        1.79	
595        1.78	
596        1.8	
597        1.81	
598        1.77	
599        1.76	
600        1.77	
601        1.74	
602        1.72	
603        1.75	
604        1.78	
605        1.77	
606        1.76	
607        1.76	
608        1.75	
609        1.73	
610        1.72	
611        1.71	
612        1.74	
613        1.71	
614        1.66	
615        1.71	
616        1.66	
617        1.64	
618        1.7	
619        1.71	
620        1.71	
621        1.72	
622        1.68	
623        1.68	
624        1.67	
625        1.64	
626        1.64	
627        1.69	
628        1.69	
629        1.69	
630        1.67	
631        1.66	
632        1.59	
633        1.67	
634        1.64	
635        1.65	
636        1.61	
637        1.66	
638        1.67	
639        1.65	
640        1.61	
641        1.61	
642        1.61	
643        1.63	
644        1.61	
645        1.63	
646        1.59	
647        1.61	
648        1.6	
649        1.55	
650        1.53	
651        1.61	
652        1.59	
653        1.6	
654        1.58	
655        1.52	
656        1.32	
657        1.38	
658        1.54	
659        1.54	
660        1.56	
661        1.57	
662        1.57	
663        1.56	
664        1.55	
665        1.57	
666        1.56	
667        1.54	
668        1.53	
669        1.56	
670        1.53	
671        1.53	
672        1.51	
673        1.52	
674        1.51	
675        1.5	
676        1.52	
677        1.5	
678        1.51	
679        1.49	
680        1.49	
681        1.49	
682        1.49	
683        1.48	
684        1.47	
685        1.47	
686        1.43	
687        1.47	
688        1.48	
689        1.48	
690        1.48	
691        1.47	
692        1.45	
693        1.46	
694        1.46	
695        1.44	
696        1.44	
697        1.44	
698        1.42	
699        1.43	
700        1.42	
701        1.41	
702        1.4	
703        1.41	
704        1.42	
705        1.43	
706        1.41	
707        1.4	
708        1.4	
709        1.39	
710        1.4	
711        1.4	
712        1.38	
713        1.37	
714        1.38	
715        1.35	
716        1.37	
717        1.37	
718        1.36	
719        1.3	
720        1.35	
721        1.35	
722        1.36	
723        1.35	
724        1.36	
725        1.35	
726        1.34	
727        1.34	
728        1.34	
729        1.28	
730        1.34	
731        1.31	
732        1.33	
733        1.31	
734        1.34	
735        1.33	
736        1.31	
737        1.31	
738        1.3	
739        1.26	
740        1.28	
741        1.27	
742        1.26	
743        1.29	
744        1.3	
745        1.29	
746        1.29	
747        1.29	
748        1.28	
749        1.28	
750        1.27	
751        1.27	
752        1.27	
753        1.27	
754        1.28	
755        1.28	
756        1.26	
757        1.26	
758        1.27	
759        1.25	
760        1.26	
761        1.25	
762        1.25	
763        1.25	
764        1.26	
765        1.25	
766        1.2	
767        1.21	
768        1.23	
769        1.21	
770        1.21	
771        1.21	
772        1.21	
773        1.21	
774        1.21	
775        1.21	
776        1.21	
777        1.2	
778        1.2	
779        1.21	
780        1.19	
781        1.19	
782        1.2	
783        1.19	
784        1.18	
785        1.19	
786        1.19	
787        1.19	
788        1.18	
789        1.18	
790        1.17	
791        1.16	
792        1.15	
793        1.14	
794        1.13	
795        1.13	
796        1.14	
797        1.16	
798        1.15	
799        1.14	
800        1.12	
801        1.14	
802        1.14	
803        1.12	
804        1.13	
805        1.1	
806        1.13	
807        1.12	
808        1.12	
809        1.1	
810        1.11	
811        1.11	
812        1.12	
813        1.12	
814        1.12	
815        1.11	
816        1.11	
817        1.11	
818        1.09	
819        1.07	
820        1.07	
821        1.08	
822        1.06	
823        1.08	
824        1.07	
825        1.07	
826        1.08	
827        1.08	
828        1.07	
829        1.06	
830        1.06	
831        1.06	
832        1.06	
833        1.03	
834        1.05	
835        1.05	
836        1.06	
837        1.05	
838        1.05	
839        1.04	
840        1.05	
841        1.05	
842        1.03	
843        1.03	
844        1.01	
845        1.04	
846        1.04	
847        1.01	
848        1.01	
849        1.01	
850        0.91	
851        0.998	
852        0.99	
853        0.981	
854        0.869	
855        0.927	
856        0.99	
857        1.01	
858        1.01	
859        1.01	
860        1	
861        0.999	
862        1.01	
863        1.01	
864        0.99	
865        0.974	
866        0.858	
867        0.925	
868        0.969	
869        0.959	
870        0.977	
871        0.963	
872        0.976	
873        0.966	
874        0.949	
875        0.936	
876        0.962	
877        0.965	
878        0.962	
879        0.946	
880        0.949	
881        0.92	
882        0.944	
883        0.939	
884        0.944	
885        0.955	
886        0.926	
887        0.923	
888        0.941	
889        0.944	
890        0.942	
891        0.939	
892        0.933	
893        0.918	
894        0.924	
895        0.926	
896        0.934	
897        0.927	
898        0.924	
899        0.914	
900        0.914	
901        0.898	
902        0.877	
903        0.922	
904        0.921	
905        0.918	
906        0.908	
907        0.915	
908        0.901	
909        0.886	
910        0.895	
911        0.897	
912        0.89	
913        0.9	
914        0.898	
915        0.888	
916        0.895	
917        0.889	
918        0.888	
919        0.892	
920        0.885	
921        0.87	
922        0.863	
923        0.833	
924        0.87	
925        0.876	
926        0.846	
927        0.878	
928        0.871	
929        0.87	
930        0.869	
931        0.871	
932        0.865	
933        0.87	
934        0.867	
935        0.856	
936        0.852	
937        0.854	
938        0.859	
939        0.857	
940        0.84	
941        0.832	
942        0.806	
943        0.838	
944        0.819	
945        0.824	
946        0.831	
947        0.828	
948        0.831	
949        0.833	
950        0.829	
951        0.82	
952        0.824	
953        0.821	
954        0.812	
955        0.769	
956        0.802	
957        0.806	
958        0.811	
959        0.815	
960        0.806	
961        0.8	
962        0.802	
963        0.798	
964        0.788	
965        0.796	
966        0.786	
967        0.795	
968        0.785	
969        0.788	
970        0.791	
971        0.782	
972        0.788	
973        0.781	
974        0.769	
975        0.773	
976        0.781	
977        0.772	
978        0.778	
979        0.767	
980        0.775	
981        0.773	
982        0.779	
983        0.775	
984        0.769	
985        0.771	
986        0.766	
987        0.766	
988        0.764	
989        0.755	
990        0.757	
991        0.762	
992        0.757	
993        0.756	
994        0.759	
995        0.754	
996        0.753	
997        0.743	
998        0.743	
999        0.742	
1000        0.743	
1001        0.747	
1002        0.747	
1003        0.738	
1004        0.731	
1005        0.684	
1006        0.718	
1007        0.731	
1008        0.733	
1009        0.729	
1010        0.731	
1011        0.726	
1012        0.725	
1013        0.72	
1014        0.723	
1015        0.711	
1016        0.714	
1017        0.707	
1018        0.716	
1019        0.696	
1020        0.701	
1021        0.703	
1022        0.693	
1023        0.699	
1024        0.701	
1025        0.699	
1026        0.699	
1027        0.696	
1028        0.697	
1029        0.69	
1030        0.692	
1031        0.69	
1032        0.69	
1033        0.678	
1034        0.682	
1035        0.684	
1036        0.684	
1037        0.677	
1038        0.674	
1039        0.679	
1040        0.674	
1041        0.675	
1042        0.675	
1043        0.669	
1044        0.672	
1045        0.668	
1046        0.651	
1047        0.662	
1048        0.668	
1049        0.665	
1050        0.661	
1051        0.662	
1052        0.658	
1053        0.657	
1054        0.655	
1055        0.658	
1056        0.656	
1057        0.655	
1058        0.649	
1059        0.63	
1060        0.648	
1061        0.634	
1062        0.647	
1063        0.637	
1064        0.646	
1065        0.645	
1066        0.631	
1067        0.635	
1068        0.636	
1069        0.601	
1070        0.622	
1071        0.628	
1072        0.631	
1073        0.618	
1074        0.631	
1075        0.618	
1076        0.625	
1077        0.624	
1078        0.625	
1079        0.612	
1080        0.623	
1081        0.607	
1082        0.602	
1083        0.609	
1084        0.614	
1085        0.612	
1086        0.616	
1087        0.591	
1088        0.607	
1089        0.609	
1090        0.604	
1091        0.608	
1092        0.597	
1093        0.592	
1094        0.561	
1095        0.583	
1096        0.586	
1097        0.591	
1098        0.587	
1099        0.582	
1100        0.6	
1101        0.599	
1102        0.582	
1103        0.595	
1104        0.593	
1105        0.591	
1106        0.59	
1107        0.586	
1108        0.587	
1109        0.586	
1110        0.587	
1111        0.583	
1112        0.583	
1113        0.578	
1114        0.584	
1115        0.582	
1116        0.575	
1117        0.583	
1118        0.572	
1119        0.572	
1120        0.569	
1121        0.572	
1122        0.575	
1123        0.574	
1124        0.573	
1125        0.57	
1126        0.553	
1127        0.562	
1128        0.568	
1129        0.568	
1130        0.564	
1131        0.568	
1132        0.57	
1133        0.562	
1134        0.563	
1135        0.563	
1136        0.565	
1137        0.552	
1138        0.544	
1139        0.553	
1140        0.556	
1141        0.543	
1142        0.555	
1143        0.55	
1144        0.545	
1145        0.55	
1146        0.554	
1147        0.554	
1148        0.55	
1149        0.548	
1150        0.546	
1151        0.545	
1152        0.542	
1153        0.543	
1154        0.547	
1155        0.547	
1156        0.54	
1157        0.544	
1158        0.543	
1159        0.535	
1160        0.529	
1161        0.519	
1162        0.533	
1163        0.537	
1164        0.527	
1165        0.535	
1166        0.522	
1167        0.53	
1168        0.534	
1169        0.516	
1170        0.529	
1171        0.531	
1172        0.531	
1173        0.527	
1174        0.528	
1175        0.519	
1176        0.51	
1177        0.523	
1178        0.517	
1179        0.515	
1180        0.522	
1181        0.518	
1182        0.517	
1183        0.488	
1184        0.511	
1185        0.516	
1186        0.515	
1187        0.515	
1188        0.51	
1189        0.484	
1190        0.506	
1191        0.514	
1192        0.512	
1193        0.511	
1194        0.511	
1195        0.506	
1196        0.506	
1197        0.503	
1198        0.492	
1199        0.474	
1200        0.5	
1201        0.506	
1202        0.507	
1203        0.488	
1204        0.487	
1205        0.502	
1206        0.499	
1207        0.501	
1208        0.49	
1209        0.466	
1210        0.492	
1211        0.479	
1212        0.491	
1213        0.492	
1214        0.489	
1215        0.49	
1216        0.489	
1217        0.488	
1218        0.486	
1219        0.482	
1220        0.484	
1221        0.483	
1222        0.481	
1223        0.476	
1224        0.482	
1225        0.479	
1226        0.48	
1227        0.468	
1228        0.474	
1229        0.477	
1230        0.475	
1231        0.474	
1232        0.469	
1233        0.471	
1234        0.469	
1235        0.466	
1236        0.469	
1237        0.468	
1238        0.467	
1239        0.462	
1240        0.46	
1241        0.464	
1242        0.462	
1243        0.457	
1244        0.455	
1245        0.456	
1246        0.459	
1247        0.458	
1248        0.461	
1249        0.46	
1250        0.459	
1251        0.456	
1252        0.452	
1253        0.454	
1254        0.454	
1255        0.453	
1256        0.452	
1257        0.449	
1258        0.451	
1259        0.448	
1260        0.45	
1261        0.449	
1262        0.443	
1263        0.448	
1264        0.442	
1265        0.443	
1266        0.446	
1267        0.439	
1268        0.436	
1269        0.44	
1270        0.442	
1271        0.443	
1272        0.441	
1273        0.441	
1274        0.438	
1275        0.441	
1276        0.442	
1277        0.442	
1278        0.441	
1279        0.438	
1280        0.435	
1281        0.423	
1282        0.376	
1283        0.412	
1284        0.427	
1285        0.429	
1286        0.429	
1287        0.43	
1288        0.427	
1289        0.428	
1290        0.419	
1291        0.422	
1292        0.423	
1293        0.423	
1294        0.416	
1295        0.419	
1296        0.42	
1297        0.417	
1298        0.413	
1299        0.417	
1300        0.415	
1301        0.414	
1302        0.41	
1303        0.408	
1304        0.406	
1305        0.41	
1306        0.41	
1307        0.41	
1308        0.409	
1309        0.409	
1310        0.407	
1311        0.406	
1312        0.403	
1313        0.391	
1314        0.403	
1315        0.392	
1316        0.394	
1317        0.401	
1318        0.395	
1319        0.401	
1320        0.399	
1321        0.395	
1322        0.395	
1323        0.395	
1324        0.395	
1325        0.394	
1326        0.392	
1327        0.389	
1328        0.391	
1329        0.38	
1330        0.385	
1331        0.388	
1332        0.379	
1333        0.387	
1334        0.387	
1335        0.386	
1336        0.382	
1337        0.383	
1338        0.381	
1339        0.376	
1340        0.374	
1341        0.382	
1342        0.38	
1343        0.38	
1344        0.38	
1345        0.38	
1346        0.376	
1347        0.378	
1348        0.377	
1349        0.376	
1350        0.371	
1351        0.372	
1352        0.375	
1353        0.374	
1354        0.373	
1355        0.368	
1356        0.369	
1357        0.364	
1358        0.37	
1359        0.369	
1360        0.365	
1361        0.37	
1362        0.369	
1363        0.362	
1364        0.367	
1365        0.366	
1366        0.366	
1367        0.362	
1368        0.366	
1369        0.359	
1370        0.359	
1371        0.359	
1372        0.363	
1373        0.363	
1374        0.363	
1375        0.357	
1376        0.354	
1377        0.358	
1378        0.357	
1379        0.36	
1380        0.357	
1381        0.358	
1382        0.353	
1383        0.354	
1384        0.356	
1385        0.352	
1386        0.355	
1387        0.351	
1388        0.353	
1389        0.354	
1390        0.347	
1391        0.352	
1392        0.352	
1393        0.35	
1394        0.348	
1395        0.348	
1396        0.349	
1397        0.349	
1398        0.35	
1399        0.349	
1400        0.339	
1401        0.339	
1402        0.344	
1403        0.34	
1404        0.341	
1405        0.34	
1406        0.342	
1407        0.341	
1408        0.34	
1409        0.341	
1410        0.34	
1411        0.338	
1412        0.329	
1413        0.333	
1414        0.337	
1415        0.337	
1416        0.335	
1417        0.337	
1418        0.338	
1419        0.334	
1420        0.333	
1421        0.336	
1422        0.329	
1423        0.329	
1424        0.328	
1425        0.333	
1426        0.323	
1427        0.327	
1428        0.33	
1429        0.323	
1430        0.323	
1431        0.324	
1432        0.331	
1433        0.331	
1434        0.325	
1435        0.327	
1436        0.327	
1437        0.328	
1438        0.326	
1439        0.329	
1440        0.313	
1441        0.317	
1442        0.316	
1443        0.318	
1444        0.319	
1445        0.319	
1446        0.321	
1447        0.318	
1448        0.321	
1449        0.32	
1450        0.318	
1451        0.314	
1452        0.314	
1453        0.315	
1454        0.313	
1455        0.312	
1456        0.31	
1457        0.312	
1458        0.316	
1459        0.317	
1460        0.314	
1461        0.313	
1462        0.31	
1463        0.308	
1464        0.308	
1465        0.312	
1466        0.307	
1467        0.313	
1468        0.308	
1469        0.312	
1470        0.31	
1471        0.304	
1472        0.306	
1473        0.306	
1474        0.297	
1475        0.303	
1476        0.304	
1477        0.303	
1478        0.302	
1479        0.305	
1480        0.306	
1481        0.302	
1482        0.305	
1483        0.298	
1484        0.302	
1485        0.306	
1486        0.302	
1487        0.3	
1488        0.265	
1489        0.299	
1490        0.301	
1491        0.302	
1492        0.298	
1493        0.302	
1494        0.302	
1495        0.301	
1496        0.291	
1497        0.297	
1498        0.299	
1499        0.295	
1500        0.301	
1501        0.3	
1502        0.297	
1503        0.269	
1504        0.283	
1505        0.271	
1506        0.284	
1507        0.294	
1508        0.29	
1509        0.288	
1510        0.294	
1511        0.294	
1512        0.288	
1513        0.287	
1514        0.285	
1515        0.288	
1516        0.287	
1517        0.285	
1518        0.29	
1519        0.285	
1520        0.288	
1521        0.281	
1522        0.28	
1523        0.284	
1524        0.285	
1525        0.278	
1526        0.286	
1527        0.283	
1528        0.285	
1529        0.283	
1530        0.267	
1531        0.283	
1532        0.283	
1533        0.28	
1534        0.275	
1535        0.278	
1536        0.281	
1537        0.281	
1538        0.273	
1539        0.278	
1540        0.269	
1541        0.273	
1542        0.275	
1543        0.275	
1544        0.277	
1545        0.278	
1546        0.277	
1547        0.274	
1548        0.267	
1549        0.273	
1550        0.27	
1551        0.271	
1552        0.274	
1553        0.271	
1554        0.265	
1555        0.267	
1556        0.263	
1557        0.27	
1558        0.268	
1559        0.268	
1560        0.265	
1561        0.27	
1562        0.268	
1563        0.267	
1564        0.263	
1565        0.267	
1566        0.263	
1567        0.264	
1568        0.26	
1569        0.263	
1570        0.261	
1571        0.267	
1572        0.267	
1573        0.263	
1574        0.262	
1575        0.247	
1576        0.26	
1577        0.237	
1578        0.257	
1579        0.262	
1580        0.264	
1581        0.265	
1582        0.254	
1583        0.258	
1584        0.254	
1585        0.262	
1586        0.258	
1587        0.255	
1588        0.25	
1589        0.232	
1590        0.242	
1591        0.241	
1592        0.253	
1593        0.258	
1594        0.256	
1595        0.258	
1596        0.245	
1597        0.249	
1598        0.256	
1599        0.25	
1600        0.253	
1601        0.245	
1602        0.249	
1603        0.249	
1604        0.25	
1605        0.247	
1606        0.247	
1607        0.245	
1608        0.25	
1609        0.249	
1610        0.233	
1611        0.241	
1612        0.241	
1613        0.246	
1614        0.244	
1615        0.244	
1616        0.232	
1617        0.236	
1618        0.244	
1619        0.242	
1620        0.234	
1621        0.234	
1622        0.237	
1623        0.242	
1624        0.242	
1625        0.237	
1626        0.24	
1627        0.24	
1628        0.241	
1629        0.241	
1630        0.237	
1631        0.239	
1632        0.239	
1633        0.236	
1634        0.233	
1635        0.237	
1636        0.237	
1637        0.227	
1638        0.227	
1639        0.222	
1640        0.226	
1641        0.224	
1642        0.224	
1643        0.229	
1644        0.226	
1645        0.225	
1646        0.229	
1647        0.229	
1648        0.229	
1649        0.224	
1650        0.228	
1651        0.224	
1652        0.228	
1653        0.225	
1654        0.227	
1655        0.224	
1656        0.226	
1657        0.226	
1658        0.225	
1659        0.222	
1660        0.224	
1661        0.225	
1662        0.224	
1663        0.223	
1664        0.223	
1665        0.221	
1666        0.219	
1667        0.22	
1668        0.216	
1669        0.218	
1670        0.222	
1671        0.221	
1672        0.212	
1673        0.216	
1674        0.219	
1675        0.216	
1676        0.213	
1677        0.215	
1678        0.216	
1679        0.213	
1680        0.206	
1681        0.198	
1682        0.203	
1683        0.209	
1684        0.212	
1685        0.213	
1686        0.21	
1687        0.211	
1688        0.211	
1689        0.208	
1690        0.208	
1691        0.212	
1692        0.212	
1693        0.211	
1694        0.211	
1695        0.211	
1696        0.21	
1697        0.209	
1698        0.209	
1699        0.208	
1700        0.205	
1702        0.205	
1705        0.204	
1710        0.199	
1715        0.202	
1720        0.198	
1725        0.197	
1730        0.193	
1735        0.182	
1740        0.19	
1745        0.186	
1750        0.185	
1755        0.185	
1760        0.182	
1765        0.181	
1770        0.18	
1775        0.176	
1780        0.176	
1785        0.174	
1790        0.174	
1795        0.171	
1800        0.168	
1805        0.169	
1810        0.169	
1815        0.155	
1820        0.16	
1825        0.163	
1830        0.159	
1835        0.158	
1840        0.156	
1845        0.153	
1850        0.153	
1855        0.151	
1860        0.149	
1865        0.147	
1870        0.146	
1875        0.132	
1880        0.147	
1885        0.146	
1890        0.14	
1895        0.138	
1900        0.14	
1905        0.139	
1910        0.137	
1915        0.136	
1920        0.135	
1925        0.134	
1930        0.131	
1935        0.132	
1940        0.13	
1945        0.12	
1950        0.126	
1955        0.128	
1960        0.126	
1965        0.123	
1970        0.124	
1975        0.122	
1980        0.12	
1985        0.119	
1990        0.12	
1995        0.117	
2000        0.117	
2005        0.115	
2010        0.115	
2015        0.114	
2020        0.112	
2025        0.112	
2030        0.11	
2035        0.109	
2040        0.107	
2045        0.108	
2050        0.106	
2055        0.105	
2060        0.103	
2065        0.102	
2070        0.101	
2075        0.101	
2080        0.0993	
2085        0.0983	
2090        0.0975	
2095        0.096	
2100        0.0962	
2105        0.0958	
2110        0.0946	
2115        0.0939	
2120        0.0931	
2125        0.0922	
2130        0.0924	
2135        0.0911	
2140        0.0911	
2145        0.0899	
2150        0.0897	
2155        0.0889	
2160        0.0879	
2165        0.082	
2170        0.0854	
2175        0.0858	
2180        0.0846	
2185        0.0847	
2190        0.0831	
2195        0.0835	
2200        0.0828	
2205        0.0809	
2210        0.0808	
2215        0.0804	
2220        0.08	
2225        0.0788	
2230        0.0784	
2235        0.0779	
2240        0.0765	
2245        0.0763	
2250        0.0754	
2255        0.0743	
2260        0.0741	
2265        0.0733	
2270        0.0731	
2275        0.0726	
2280        0.0714	
2285        0.0714	
2290        0.0712	
2295        0.0693	
2300        0.0696	
2305        0.0694	
2310        0.0689	
2315        0.0682	
2320        0.0676	
2325        0.0656	
2330        0.0662	
2335        0.0657	
2340        0.0652	
2345        0.0651	
2350        0.0643	
2355        0.0626	
2360        0.0631	
2365        0.063	
2370        0.0624	
2375        0.0614	
2380        0.0618	
2385        0.0591	
2390        0.0604	
2395        0.0601	
2400        0.0597	
2405        0.0594	
2410        0.0592	
2415        0.057	
2420        0.0578	
2425        0.0573	
2430        0.0572	
2435        0.0565	
2440        0.0563	
2445        0.0556	
2450        0.0546	
2455        0.0542	
2460        0.0545	
2465        0.0543	
2470        0.0534	
2475        0.0534	
2480        0.0521	
2485        0.0518	
2490        0.0522	
2495        0.0489	
2500        0.0514	
2505        0.0508	
2510        0.0496	
2515        0.0488	
2520        0.0481	
2525        0.0477	
2530        0.0477	
2535        0.0471	
2540        0.0468	
2545        0.0466	
2550        0.0463	
2555        0.0459	
2560        0.0454	
2565        0.0452	
2570        0.0449	
2575        0.0445	
2580        0.0441	
2585        0.0433	
2590        0.0434	
2595        0.043	
2600        0.0429	
2605        0.0428	
2610        0.0425	
2615        0.0423	
2620        0.0419	
2625        0.0406	
2630        0.0412	
2635        0.041	
2640        0.0402	
2645        0.0402	
2650        0.04	
2655        0.0396	
2660        0.0395	
2665        0.039	
2670        0.0391	
2675        0.0386	
2680        0.0384	
2685        0.0382	
2690        0.0378	
2695        0.0375	
2700        0.0371	
2705        0.0369	
2710        0.0367	
2715        0.0366	
2720        0.0364	
2725        0.0361	
2730        0.036	
2735        0.0357	
2740        0.0355	
2745        0.0354	
2750        0.0352	
2755        0.0349	
2760        0.0346	
2765        0.0344	
2770        0.0343	
2775        0.0339	
2780        0.0336	
2785        0.0334	
2790        0.0332	
2795        0.0329	
2800        0.0328	
2805        0.0325	
2810        0.0324	
2815        0.0323	
2820        0.0321	
2825        0.0318	
2830        0.0317	
2835        0.0315	
2840        0.0312	
2845        0.031	
2850        0.0307	
2855        0.0304	
2860        0.0302	
2865        0.03	
2870        0.0296	
2875        0.0294	
2880        0.0294	
2885        0.0292	
2890        0.0291	
2895        0.029	
2900        0.0288	
2905        0.0287	
2910        0.0285	
2915        0.0282	
2920        0.028	
2925        0.0278	
2930        0.0276	
2935        0.0273	
2940        0.0271	
2945        0.0268	
2950        0.0267	
2955        0.0266	
2960        0.0264	
2965        0.0263	
2970        0.0261	
2975        0.026	
2980        0.0258	
2985        0.0257	
2990        0.0255	
2995        0.0254	
3000        0.0253	
3005        0.0251	
3010        0.025	
3015        0.0249	
3020        0.0247	
3025        0.0245	
3030        0.0244	
3035        0.0242	
3040        0.0239	
3045        0.024	
3050        0.024	
3055        0.0239	
3060        0.0238	
3065        0.0235	
3070        0.0234	
3075        0.0234	
3080        0.0232	
3085        0.023	
3090        0.0228	
3095        0.0226	
3100        0.0224	
3105        0.0223	
3110        0.0221	
3115        0.0218	
3120        0.0217	
3125        0.0216	
3130        0.0215	
3135        0.0214	
3140        0.0212	
3145        0.0211	
3150        0.0209	
3155        0.0208	
3160        0.0207	
3165        0.0207	
3170        0.0205	
3175        0.0205	
3180        0.0203	
3185        0.0202	
3190        0.0202	
3195        0.0201	
3200        0.0199	
3205        0.0199	
3210        0.0198	
3215        0.0196	
3220        0.0195	
3225        0.0194	
3230        0.0194	
3235        0.0193	
3240        0.0192	
3245        0.0191	
3250        0.0191	
3255        0.0189	
3260        0.0188	
3265        0.0187	
3270        0.0186	
3275        0.0185	
3280        0.0184	
3285        0.0183	
3290        0.0183	
3295        0.018	
3300        0.0179	
3305        0.0179	
3310        0.0177	
3315        0.0176	
3320        0.0173	
3325        0.0173	
3330        0.0171	
3335        0.017	
3340        0.0169	
3345        0.0168	
3350        0.0166	
3355        0.0165	
3360        0.0164	
3365        0.0163	
3370        0.0162	
3375        0.0161	
3380        0.016	
3385        0.016	
3390        0.0159	
3395        0.0158	
3400        0.0156	
3405        0.0157	
3410        0.0155	
3415        0.0155	
3420        0.0154	
3425        0.0153	
3430        0.0152	
3435        0.0152	
3440        0.0151	
3445        0.015	
3450        0.0149	
3455        0.0149	
3460        0.0148	
3465        0.0148	
3470        0.0147	
3475        0.0146	
3480        0.0145	
3485        0.0145	
3490        0.0144	
3495        0.0143	
3500        0.0142	
3505        0.0142	
3510        0.0141	
3515        0.014	
3520        0.0139	
3525        0.0139	
3530        0.0138	
3535        0.0138	
3540        0.0137	
3545        0.0137	
3550        0.0136	
3555        0.0135	
3560        0.0134	
3565        0.0134	
3570        0.0133	
3575        0.0132	
3580        0.0131	
3585        0.0131	
3590        0.013	
3595        0.0129	
3600        0.0129	
3605        0.0128	
3610        0.0127	
3615        0.0127	
3620        0.0126	
3625        0.0126	
3630        0.0125	
3635        0.0125	
3640        0.0124	
3645        0.0124	
3650        0.0123	
3655        0.0122	
3660        0.0122	
3665        0.0122	
3670        0.012	
3675        0.012	
3680        0.0119	
3685        0.0118	
3690        0.0118	
3695        0.0117	
3700        0.0116	
3705        0.0116	
3710        0.0115	
3715        0.0115	
3720        0.0114	
3725        0.0114	
3730        0.0113	
3735        0.0113	
3740        0.0111	
3745        0.0111	
3750        0.011	
3755        0.011	
3760        0.0109	
3765        0.0109	
3770        0.0109	
3775        0.0108	
3780        0.0107	
3785        0.0107	
3790        0.0106	
3795        0.0106	
3800        0.0105	
3805        0.0105	
3810        0.0104	
3815        0.0104	
3820        0.0103	
3825        0.0103	
3830        0.0103	
3835        0.0102	
3840        0.0102	
3845        0.0101	
3850        0.0101	
3855        0.01	
3860        0.00994	
3865        0.00991	
3870        0.00983	
3875        0.00983	
3880        0.00975	
3885        0.0097	
3890        0.00971	
3895        0.00962	
3900        0.0096	
3905        0.00959	
3910        0.00952	
3915        0.0095	
3920        0.00941	
3925        0.0094	
3930        0.00932	
3935        0.0093	
3940        0.00923	
3945        0.0092	
3950        0.00911	
3955        0.00908	
3960        0.00902	
3965        0.00901	
3970        0.00893	
3975        0.00891	
3980        0.00884	
3985        0.0088	
3990        0.00878	
3995        0.0087	
4000        0.00868	
